iter	sum1	sum10	sum30	ba	ba10	agb	gpp	npp	rday	rnight	rstem	litterfall
0	1.29973e+06	0	0	1.06667	0	760.39	1.06803	0.586001	0.0516602	0.102138	0.000151107	0.159443
1	1.30044e+06	0	0	1.30578	0	1025	1.07541	0.583233	0.0531775	0.106407	0.00190104	0.160632
2	1.30098e+06	0	0	1.53762	0	1305.17	1.15126	0.627033	0.0564686	0.111419	0.0025088	0.163409
3	1.30159e+06	0	0	1.76516	0	1600.59	1.22724	0.667457	0.0608779	0.118284	0.00333024	0.167665
4	1.3022e+06	0	0	1.98223	0	1899.86	1.27311	0.68546	0.0638857	0.127983	0.00405584	0.173258
5	1.3028e+06	0	0	2.20427	0	2222.72	1.36196	0.740699	0.0665959	0.131153	0.00481359	0.179864
6	1.30363e+06	0	0	2.43556	0	2575.67	1.48222	0.80868	0.0721868	0.140047	0.0057509	0.187445
7	1.30418e+06	0	0	2.68589	0	2976.25	1.66995	0.915071	0.0833489	0.151678	0.00685086	0.196207
8	1.30491e+06	0	0	2.9514	0	3420.83	1.86007	1.0151	0.0947926	0.170062	0.00842667	0.206899
9	1.30546e+06	0	0	3.21873	0	3888.17	1.99232	1.07225	0.106042	0.19088	0.0100959	0.219995
10	1.30609e+06	0	0	3.47642	0	4356.67	2.03226	1.08163	0.110662	0.203103	0.0109302	0.23534
11	1.30687e+06	0	0	3.69415	0	4765.21	1.85661	0.957938	0.103898	0.2102	0.0113007	0.251802
12	1.31806e+06	0	0	3.92053	0	5192.34	1.91874	0.996496	0.105543	0.212774	0.0117856	0.268293
13	1.31876e+06	0	0	4.12754	0	5602.44	1.90744	0.978723	0.10744	0.219275	0.0127536	0.280909
14	1.31987e+06	0	0	4.34575	0	6045.56	2.02243	1.04911	0.111495	0.224228	0.0133922	0.291297
15	1.32061e+06	0	0	4.57232	0	6516.7	2.13411	1.11121	0.117368	0.232144	0.0149555	0.300229
16	1.3212e+06	0	0	4.79371	0	6988.35	2.16829	1.11695	0.120521	0.245372	0.0158875	0.308773
17	1.32176e+06	0	0	5.02674	0	7496.73	2.29375	1.20057	0.123038	0.245816	0.0169035	0.317437
18	1.32241e+06	0	0	5.27425	0	8048.67	2.4648	1.29875	0.130823	0.25708	0.0183808	0.326689
19	1.32302e+06	0	0	5.54704	0	8672.31	2.74938	1.46077	0.14849	0.273052	0.0201789	0.337389
20	1.32366e+06	0	0	5.84155	0	9363.16	3.04683	1.61855	0.166053	0.30058	0.0230974	0.350712
21	1.32459e+06	0	0	6.14672	0	10096.6	3.26516	1.71746	0.183032	0.332056	0.0260089	0.367859
22	1.3253e+06	0	0	6.44242	0	10825.1	3.29349	1.71265	0.188589	0.349281	0.0267438	0.388653
23	1.32589e+06	0	0	6.68479	0	11436.2	2.9295	1.46345	0.174871	0.358049	0.026564	0.411174
24	1.3267e+06	0	0	6.92003	0	12041.8	2.94357	1.47377	0.174832	0.357175	0.0268247	0.431528
25	1.32742e+06	0	0	7.13414	0	12603.1	2.82246	1.37919	0.17585	0.364265	0.0281148	0.44756
26	1.32797e+06	0	0	7.35012	0	13179.5	2.90493	1.4298	0.179556	0.366751	0.0286497	0.459158
27	1.32842e+06	0	0	7.56342	0	13761.4	2.96612	1.4571	0.185543	0.373151	0.0310739	0.467419
28	1.3292e+06	0	0	7.76339	0	14318.6	2.921	1.40951	0.186526	0.386505	0.0321079	0.47412
29	1.33059e+06	0	0	7.97122	0	14908.1	3.02826	1.49235	0.185998	0.378513	0.0332805	0.479699
30	1.33179e+06	0	0	8.18648	0	15535.4	3.19256	1.58876	0.193307	0.387101	0.0352946	0.485072
31	1.33448e+06	0	0	8.42499	0	16238.1	3.47715	1.74841	0.214352	0.401835	0.0377864	0.491307
32	1.33601e+06	0	0	8.67337	0	16992.2	3.73239	1.87328	0.233334	0.43111	0.0420338	0.499953
33	1.33927e+06	0	0	8.9143	0	17744.1	3.82646	1.88783	0.249218	0.462082	0.0458402	0.511607
34	1.34305e+06	0	0	9.12824	0	18443.4	3.71011	1.80141	0.248261	0.46966	0.0455649	0.525583
35	1.34874e+06	0	0	9.30256	0	19014.5	3.19662	1.47845	0.222614	0.464872	0.0438472	0.539181
36	1.35185e+06	0	0	9.467	0	19571.9	3.19048	1.49678	0.216058	0.448825	0.0431985	0.548758
37	1.35489e+06	0	0	9.5998	0	20061.8	3.03952	1.39671	0.21252	0.446566	0.0441571	0.552928
38	1.35879e+06	0	0	9.71069	0	20530.8	3.12693	1.46284	0.212839	0.440152	0.0439978	0.552537
39	1.36453e+06	0	0	9.79311	0	20964.4	3.19186	1.50009	0.216783	0.440767	0.0466085	0.549482
40	1.37193e+06	0	0	9.81473	0	21285	3.12912	1.44709	0.215151	0.450378	0.046965	0.545527
41	1.38473e+06	0	0	9.82381	0	21601.7	3.23139	1.53491	0.212127	0.436145	0.0475189	0.541838
42	1.39958e+06	0	0	9.8531	0	21972	3.37778	1.62306	0.218133	0.441582	0.0492309	0.539237
43	1.41303e+06	0	0	9.94481	0	22492.4	3.65374	1.77789	0.239601	0.454024	0.0516519	0.539111
44	1.42248e+06	0	0	10.0762	0	23116.7	3.90431	1.89965	0.258176	0.481899	0.0564204	0.541962
45	1.43025e+06	0	0	10.2243	0	23778.5	3.97946	1.90248	0.272965	0.510955	0.0606073	0.548425
46	1.43829e+06	0	0	10.3569	0	24394.7	3.83232	1.80196	0.269259	0.514069	0.0594589	0.557645
47	1.44641e+06	0	0	10.4464	0	24859.1	3.27359	1.45647	0.239446	0.504756	0.0565426	0.567115
48	1.45407e+06	0	0	10.5226	0	25294.6	3.26365	1.48062	0.230899	0.484097	0.0551621	0.573242
49	1.46285e+06	0	0	10.5825	0	25676.3	3.10099	1.3746	0.226565	0.480551	0.0560363	0.575244
50	1.47199e+06	0	0	10.6319	0	26052.8	3.19353	1.44638	0.226755	0.473375	0.0555431	0.573796
51	1.4829e+06	0	0	10.6714	0	26424.8	3.25535	1.48142	0.230844	0.473917	0.0586487	0.570641
52	1.49595e+06	0	0	10.6702	0	26704.9	3.17494	1.41735	0.228709	0.483606	0.0589659	0.567001
53	1.51223e+06	0	0	10.6626	0	26993.8	3.28262	1.51145	0.225251	0.467654	0.0595638	0.563548
54	1.53077e+06	0	0	10.675	0	27338.6	3.43433	1.60401	0.2312	0.472181	0.0615512	0.560796
55	1.54662e+06	0	0	10.7153	0	27779.6	3.71492	1.76243	0.253181	0.48342	0.0641992	0.559563
56	1.56233e+06	0	0	10.7977	0	28335.7	3.96535	1.88475	0.271507	0.510047	0.0696512	0.560778
57	1.57639e+06	0	0	10.8906	0	28918.1	4.02634	1.8802	0.285314	0.536967	0.0742274	0.564659
58	1.58991e+06	0	0	10.9788	0	29470.1	3.85789	1.7709	0.27972	0.53656	0.0722911	0.570946
59	1.60483e+06	0	0	11.0273	0	29860.8	3.27412	1.41496	0.247354	0.52377	0.0682809	0.57741
60	1.62002e+06	0	0	11.0718	0	30233.2	3.25646	1.43823	0.237684	0.500481	0.0662997	0.581196
61	1.6358e+06	0	0	11.1164	0	30586.8	3.08699	1.32863	0.232922	0.496207	0.0670655	0.581787
62	1.6504e+06	0	0	11.1574	0	30940.2	3.17206	1.39787	0.232478	0.487516	0.0662998	0.57939
63	1.66594e+06	0	0	11.1968	0	31300.2	3.22926	1.42954	0.236515	0.487871	0.0697782	0.57558
64	1.68168e+06	0	0	11.208	0	31586.5	3.14628	1.36394	0.234094	0.497412	0.0699593	0.571454
65	1.69788e+06	0	0	11.2162	0	31893.4	3.253	1.46003	0.230007	0.479893	0.0705313	0.567647
66	1.71515e+06	0	0	11.2305	0	32223.2	3.39963	1.55018	0.235627	0.483699	0.0726688	0.564221
67	1.73104e+06	0	0	11.2827	0	32676.6	3.67432	1.70504	0.257531	0.494247	0.075588	0.56241
68	1.74698e+06	0	0	11.3631	0	33230.6	3.91477	1.82185	0.275169	0.519486	0.0817239	0.562873
69	1.76151e+06	0	0	11.4554	0	33810.8	3.95767	1.8085	0.28747	0.543539	0.0867975	0.565712
70	1.77639e+06	0	0	11.5379	0	34341.9	3.77041	1.6923	0.28	0.539533	0.0842068	0.570183
71	1.79414e+06	0	0	11.5868	0	34720	3.18275	1.33824	0.246369	0.524091	0.0792666	0.574571
72	1.8128e+06	0	0	11.634	0	35074.8	3.16278	1.36553	0.235435	0.497696	0.0767698	0.576204
73	1.83226e+06	0	0	11.6773	0	35398.6	2.99913	1.25956	0.230836	0.493586	0.0774612	0.575041
74	1.84977e+06	0	0	11.7225	0	35741	3.09042	1.33364	0.230525	0.48497	0.0763634	0.571647
75	1.86795e+06	0	0	11.775	0	36111.9	3.15925	1.3716	0.235071	0.486229	0.0802412	0.567492
76	1.8826e+06	0	0	11.7983	0	36405.6	3.08902	1.31356	0.233152	0.496566	0.0803436	0.563578
77	1.89919e+06	0	0	11.8232	0	36729	3.20828	1.41645	0.22983	0.480556	0.0808708	0.560094
78	1.91564e+06	0	0	11.8551	0	37093.9	3.36958	1.51526	0.235981	0.485263	0.0832751	0.5576
79	1.93126e+06	0	0	11.915	0	37564.8	3.65477	1.67668	0.258163	0.496089	0.0865392	0.556475
80	1.94619e+06	0	0	11.9926	0	38107.3	3.90533	1.79939	0.275993	0.521568	0.0933621	0.557179
81	1.96338e+06	0	0	12.0892	0	38704.2	3.96154	1.79257	0.28906	0.547012	0.0989611	0.560477
82	1.98139e+06	0	0	12.1772	0	39255.5	3.78668	1.68339	0.282321	0.544397	0.0958185	0.565442
83	2.00243e+06	0	0	12.2282	0	39638.2	3.20523	1.33296	0.249025	0.53008	0.0900357	0.570491
84	2.02697e+06	0	0	12.2865	0	40027.5	3.19579	1.36466	0.239169	0.506114	0.0871214	0.573579
85	2.04903e+06	0	0	12.3321	0	40361.2	3.03314	1.25834	0.234907	0.502853	0.0878132	0.573675
86	2.06901e+06	0	0	12.3847	0	40728.5	3.13117	1.33573	0.235175	0.49539	0.0864916	0.57182
87	2.08684e+06	0	0	12.4454	0	41122.3	3.20159	1.37383	0.239976	0.497016	0.0908021	0.568874
88	2.10261e+06	0	0	12.4791	0	41438.2	3.12935	1.31425	0.238066	0.507695	0.0908245	0.565813
89	2.11763e+06	0.32	0	12.5155	0.0025283	41786.2	3.24896	1.41804	0.234613	0.491212	0.091329	0.56298
90	2.13338e+06	0.48	0	12.5488	0.0038275	42154.6	3.41032	1.51673	0.240803	0.495827	0.0939121	0.560798
91	2.14984e+06	1.12	0	12.6148	0.00894807	42650.4	3.69812	1.67885	0.263477	0.506943	0.0974455	0.560013
92	2.16709e+06	1.28	0	12.6958	0.0103968	43217.8	3.9498	1.80072	0.281676	0.53294	0.104964	0.561043
93	2.18417e+06	2.24	0	12.7835	0.0182022	43802.9	3.99917	1.78901	0.294639	0.558227	0.110967	0.564072
94	2.20418e+06	3.2	0	12.8575	0.0261202	44324.6	3.81659	1.67655	0.287385	0.554837	0.107161	0.56867
95	2.22477e+06	4.8	0	12.8945	0.0392149	44677.8	3.22365	1.32075	0.25322	0.539754	0.100449	0.573276
96	2.24942e+06	6.24	0	12.9347	0.0510664	45016.6	3.21055	1.35232	0.242815	0.514511	0.0969127	0.575628
97	2.27238e+06	7.04	0	12.9649	0.0581272	45309.9	3.04483	1.2446	0.23831	0.510822	0.0974578	0.575252
98	2.29418e+06	8	0	13.0099	0.0662749	45655.4	3.14115	1.3217	0.238431	0.502929	0.0957863	0.572978
99	2.31381e+06	9.92	0	13.0617	0.0821619	46035	3.21529	1.36178	0.243347	0.504605	0.100417	0.569962
100	2.33012e+06	12.32	0	13.0993	0.102257	46365.8	3.14342	1.30222	0.24146	0.515581	0.100326	0.566952
101	2.34471e+06	14.72	0	13.1257	0.122276	46692.2	3.26312	1.4065	0.23794	0.498859	0.100742	0.564026
102	2.35934e+06	18.88	0	13.1625	0.156572	47071.2	3.42626	1.50602	0.24425	0.503636	0.103476	0.56186
103	2.37391e+06	25.12	0	13.2093	0.208418	47519.6	3.7137	1.6678	0.267082	0.514599	0.107135	0.560746
104	2.38968e+06	30.56	0	13.2813	0.255109	48072.8	3.96592	1.7894	0.285373	0.540672	0.115204	0.561595
105	2.40643e+06	36.96	0	13.3592	0.310029	48640.4	4.01421	1.77673	0.298266	0.565816	0.121582	0.564383
106	2.42621e+06	44.64	0	13.427	0.375361	49149.3	3.82581	1.66206	0.290578	0.56172	0.117199	0.5686
107	2.44807e+06	52.96	0	13.4653	0.446846	49500.3	3.22763	1.30489	0.255761	0.545883	0.109703	0.572771
108	2.47269e+06	59.2	0	13.4933	0.500619	49809.4	3.21581	1.33806	0.245312	0.520493	0.10571	0.574958
109	2.49769e+06	64.64	0	13.5299	0.549744	50116.8	3.05017	1.23017	0.240868	0.516988	0.10624	0.574697
110	2.51827e+06	72.48	0	13.5671	0.616798	50446.2	3.14891	1.30901	0.241078	0.509171	0.104311	0.572579
111	2.53837e+06	79.84	0	13.6039	0.680915	50784	3.22066	1.34712	0.246019	0.510865	0.109191	0.569535
112	2.55703e+06	85.28	0	13.6232	0.730816	51062.3	3.1481	1.28732	0.244068	0.52185	0.108911	0.566475
113	2.57271e+06	92.96	0	13.6537	0.798749	51403.3	3.27182	1.39422	0.240652	0.505185	0.10929	0.563911
114	2.58839e+06	100.8	0	13.6773	0.868967	51745.5	3.43597	1.49441	0.246976	0.509879	0.112087	0.561779
115	2.60274e+06	112.48	0	13.7257	0.972443	52205	3.72561	1.65732	0.269996	0.520772	0.115945	0.560763
116	2.61898e+06	127.84	0	13.7953	1.10805	52750.9	3.97685	1.77819	0.28816	0.54648	0.124485	0.561347
117	2.63567e+06	140.64	0	13.8647	1.22515	53301.1	4.01998	1.76234	0.300815	0.57117	0.131189	0.563802
118	2.65522e+06	156.32	0	13.9215	1.36502	53785.4	3.83032	1.64798	0.292872	0.566604	0.126302	0.567791
119	2.67727e+06	171.36	0	13.9576	1.50157	54138.1	3.22958	1.29077	0.257663	0.55035	0.118105	0.571767
120	2.70159e+06	184.96	0	13.9815	1.62274	54430.4	3.21637	1.32377	0.247109	0.52474	0.113634	0.573488
121	2.72544e+06	202.4	0	14.0098	1.77638	54716.9	3.05098	1.21614	0.242655	0.521232	0.114095	0.573019
122	2.74713e+06	219.84	0	14.045	1.92951	55037.8	3.15039	1.29609	0.242809	0.513191	0.111836	0.570749
123	2.76793e+06	240.16	0	14.0833	2.10733	55382.9	3.22375	1.33459	0.247899	0.515111	0.117003	0.567858
124	2.78532e+06	256.48	0	14.1038	2.25499	55662	3.1505	1.2743	0.245926	0.52618	0.116607	0.564812
125	2.80038e+06	277.12	0	14.1292	2.43871	55988.9	3.27418	1.38169	0.242405	0.509214	0.116898	0.562099
126	2.81497e+06	298.24	0	14.1554	2.6291	56343.1	3.43973	1.48256	0.248826	0.514027	0.119817	0.56007
127	2.82937e+06	323.04	0	14.2032	2.85482	56808.7	3.73001	1.64553	0.272016	0.524981	0.123832	0.559181
128	2.84488e+06	348.16	0	14.2694	3.08849	57355.6	3.97882	1.76446	0.290119	0.550511	0.132839	0.559727
129	2.86195e+06	377.28	0	14.3309	3.35631	57875.1	4.01722	1.74618	0.302412	0.574504	0.139762	0.561709
130	2.88078e+06	397.28	0	14.3901	3.55185	58367.7	3.8232	1.63069	0.293983	0.569031	0.134412	0.565156
131	2.90308e+06	414.24	0	14.4178	3.72039	58689.6	3.22051	1.274	0.258311	0.551989	0.125502	0.568616
132	2.92801e+06	432.16	0	14.4518	3.89263	59017.7	3.20978	1.30939	0.247759	0.526315	0.120503	0.570421
133	2.95262e+06	445.6	0	14.483	4.02993	59313.9	3.0441	1.20177	0.243263	0.522732	0.120915	0.569787
134	2.97518e+06	461.6	0	14.513	4.18768	59621	3.14431	1.28295	0.243375	0.514556	0.118175	0.567433
135	2.99433e+06	476	0	14.54	4.33463	59922.5	3.21571	1.32029	0.248374	0.516274	0.123477	0.56412
136	3.01166e+06	487.84	0	14.5578	4.46085	60188.4	3.14269	1.26026	0.24642	0.527422	0.122955	0.561017
137	3.02817e+06	503.2	0	14.5814	4.61917	60502.6	3.26753	1.36866	0.24287	0.510337	0.123153	0.558338
138	3.04198e+06	522.72	0	14.6082	4.81458	60849.4	3.43161	1.46871	0.249215	0.514972	0.126106	0.556105
139	3.0564e+06	539.52	0	14.6445	4.99511	61271.3	3.71918	1.63002	0.272319	0.525725	0.130158	0.554964
140	3.07244e+06	558.56	0	14.7086	5.19979	61807.8	3.96729	1.7484	0.290324	0.551027	0.139504	0.555404
141	3.08926e+06	579.2	0	14.7711	5.4187	62342.8	4.00732	1.73089	0.302597	0.574945	0.146777	0.557618
142	3.10724e+06	595.36	0	14.8321	5.60028	62848	3.81361	1.6162	0.294091	0.569305	0.141128	0.561072
143	3.13041e+06	608.64	0	14.8611	5.75086	63176.5	3.21198	1.26088	0.258355	0.552133	0.131736	0.564437
144	3.15588e+06	617.92	0	14.889	5.86493	63472.7	3.19814	1.29593	0.2475	0.525801	0.12606	0.565676
145	3.18147e+06	623.36	0	14.9215	5.94798	63778.3	3.03303	1.18826	0.243117	0.522491	0.126449	0.565075
146	3.20375e+06	631.68	0	14.9535	6.05385	64082.5	3.13017	1.26896	0.242951	0.513716	0.12305	0.562509
147	3.22399e+06	642.4	0	14.987	6.18082	64403.4	3.20192	1.3061	0.248042	0.515653	0.128483	0.559295
148	3.24201e+06	650.72	0	15.0107	6.28643	64676.7	3.12975	1.24656	0.246159	0.526914	0.127815	0.556231
149	3.25727e+06	660.16	0	15.0301	6.40727	64975.5	3.25319	1.35404	0.242676	0.510031	0.127843	0.553529
150	3.27129e+06	670.72	0	15.0576	6.54217	65325	3.41675	1.45365	0.249054	0.514764	0.130765	0.551379
151	3.28585e+06	681.6	0	15.1047	6.68718	65784.1	3.70555	1.61542	0.272257	0.525719	0.134934	0.55051
152	3.30014e+06	695.04	0	15.1522	6.85692	66259.4	3.94893	1.73049	0.290164	0.550875	0.144497	0.550732
153	3.31644e+06	707.36	0	15.2132	7.01902	66775.3	3.98608	1.71125	0.302288	0.574508	0.151915	0.552766
154	3.3364e+06	720.8	0	15.2815	7.18752	67302.4	3.79304	1.59783	0.293617	0.5685	0.146022	0.556223
155	3.35947e+06	725.6	0	15.3146	7.27608	67645.3	3.19405	1.24498	0.257798	0.551035	0.13629	0.559503
156	3.38705e+06	730.4	0	15.3386	7.35781	67915.6	3.17833	1.28137	0.246333	0.523271	0.130169	0.560336
157	3.41122e+06	734.72	0	15.3646	7.43447	68190.6	3.01399	1.17456	0.241906	0.519824	0.130371	0.559156
158	3.43548e+06	739.52	0	15.4035	7.51709	68526.1	3.11145	1.25636	0.241695	0.510961	0.126346	0.556572
159	3.45553e+06	745.44	0	15.443	7.61111	68870.4	3.18461	1.2938	0.246963	0.513339	0.131845	0.553382
160	3.47254e+06	751.2	0	15.4719	7.7014	69171.1	3.11619	1.23605	0.245365	0.525165	0.131119	0.550514
161	3.48684e+06	757.28	0	15.504	7.7998	69514.1	3.24173	1.34427	0.242111	0.508804	0.131149	0.548024
162	3.50072e+06	763.04	0	15.5428	7.90154	69898.7	3.40662	1.44405	0.248697	0.514003	0.134169	0.546192
163	3.51381e+06	771.68	0	15.5956	8.03418	70377.6	3.69499	1.60531	0.271936	0.525092	0.13843	0.545404
164	3.52831e+06	780.96	0	15.6517	8.17809	70895.4	3.94281	1.72257	0.290044	0.550606	0.148302	0.546057
165	3.54618e+06	791.52	0	15.7121	8.33195	71423.1	3.98333	1.70494	0.302352	0.57457	0.155927	0.548402
166	3.56758e+06	798.56	0	15.7638	8.45367	71893.6	3.79071	1.59171	0.293766	0.568743	0.149774	0.551837
167	3.59085e+06	801.6	0	15.7978	8.52966	72237.6	3.19314	1.23977	0.258058	0.551578	0.139765	0.555276
168	3.6183e+06	805.28	0	15.8294	8.60581	72546.3	3.18031	1.27694	0.246863	0.524414	0.133923	0.556514
169	3.64377e+06	807.68	0	15.8572	8.66896	72827.3	3.01644	1.16986	0.242568	0.521298	0.134202	0.555648
170	3.66828e+06	810.56	0	15.8927	8.73759	73142.2	3.11401	1.25202	0.24233	0.512354	0.130043	0.553209
171	3.68952e+06	813.12	0	15.9348	8.80628	73494	3.18814	1.28973	0.247689	0.514899	0.135681	0.550319
172	3.70753e+06	815.68	0	15.9565	8.87026	73751.7	3.11776	1.23095	0.246005	0.526621	0.134838	0.547439
173	3.72201e+06	820	0	15.9885	8.95612	74090.5	3.24507	1.34026	0.242817	0.510363	0.134875	0.545269
174	3.73532e+06	824.16	0	16.0245	9.04728	74473	3.41178	1.44089	0.249513	0.515763	0.137995	0.543684
175	3.74939e+06	831.52	0	16.0715	9.17244	74930.6	3.70078	1.60218	0.272881	0.527013	0.142346	0.543059
176	3.76453e+06	836.32	0	16.1345	9.28506	75478.8	3.95062	1.72026	0.291114	0.552726	0.152504	0.543992
177	3.78198e+06	841.44	0	16.2095	9.3998	76066.5	3.99065	1.70189	0.303465	0.576778	0.16037	0.546485
178	3.8016e+06	846.56	0	16.2532	9.50667	76509	3.79561	1.58765	0.294734	0.570719	0.153948	0.549808
179	3.82777e+06	847.84	0	16.2798	9.56859	76819.9	3.19676	1.23555	0.258832	0.553303	0.143559	0.553083
180	3.85705e+06	850.24	0	16.3083	9.6343	77116.4	3.18542	1.27315	0.247851	0.526654	0.137637	0.554471
181	3.88384e+06	852.96	0	16.3344	9.70049	77402.5	3.02245	1.1662	0.243683	0.523844	0.137982	0.554013
182	3.9092e+06	854.88	0	16.3636	9.76166	77699.9	3.11993	1.24806	0.243519	0.515063	0.13385	0.551752
183	3.93052e+06	855.52	0	16.4055	9.81603	78054.9	3.19442	1.28565	0.248944	0.517719	0.13965	0.549122
184	3.94752e+06	856.96	0	16.4329	9.87344	78347.1	3.12469	1.22683	0.247357	0.529737	0.138845	0.546537
185	3.96217e+06	859.84	0	16.4637	9.94843	78682.5	3.25156	1.3361	0.244108	0.513305	0.13887	0.544423
186	3.97528e+06	861.12	0	16.4916	10.0135	79013.9	3.41555	1.43556	0.25061	0.518269	0.141942	0.542493
187	3.98926e+06	864	0	16.5398	10.1044	79481.9	3.70713	1.59835	0.274127	0.529598	0.146417	0.542005
188	4.00571e+06	870.56	0	16.5999	10.2303	80021.6	3.95603	1.71578	0.292306	0.555158	0.156779	0.54288
189	4.02463e+06	872.32	0	16.6558	10.3156	80524.3	3.99254	1.69571	0.304389	0.578698	0.164655	0.545039
190	4.04496e+06	875.04	0	16.7089	10.4044	81008.8	3.79777	1.58227	0.295545	0.572406	0.158055	0.548316
191	4.07098e+06	874.72	0	16.7294	10.4493	81279.7	3.19432	1.22856	0.259247	0.554321	0.147239	0.551031
192	4.09902e+06	875.84	0	16.7635	10.5064	81607.4	3.18516	1.26765	0.24833	0.527768	0.141153	0.55247
193	4.12659e+06	876.48	0	16.7766	10.5521	81823.1	3.01985	1.15985	0.243943	0.524507	0.141364	0.551552
194	4.1518e+06	877.76	0	16.8061	10.6065	82117	3.11906	1.24305	0.243791	0.515706	0.137096	0.549285
195	4.17413e+06	879.52	0	16.8436	10.6684	82455.6	3.19364	1.28071	0.249197	0.518294	0.142994	0.546515
196	4.19147e+06	880.96	0	16.8604	10.7225	82700.6	3.122	1.22117	0.247462	0.530019	0.142069	0.543643
197	4.20795e+06	882.24	0	16.8938	10.7848	83043.5	3.2484	1.3303	0.244184	0.513499	0.1421	0.541516
198	4.22136e+06	884.96	0	16.9255	10.8617	83397.6	3.41474	1.43086	0.250831	0.518738	0.145304	0.539878
199	4.23613e+06	887.04	0	16.9712	10.9463	83858	3.70554	1.59307	0.274323	0.530011	0.149852	0.539324
200	4.2522e+06	889.44	0	17.0358	11.0411	84422.7	3.95493	1.71059	0.292501	0.555565	0.16047	0.540199
201	4.27147e+06	891.52	0	17.0874	11.1257	84905.7	3.9883	1.68888	0.304393	0.578742	0.168445	0.542153
202	4.29303e+06	892	0	17.1258	11.1928	85319.2	3.79027	1.57448	0.295228	0.571832	0.161516	0.544913
203	4.31934e+06	892.96	0	17.1487	11.2496	85619	3.19199	1.22403	0.259132	0.554061	0.150534	0.547859
204	4.34869e+06	893.44	0	17.1816	11.3001	85945.2	3.18124	1.2625	0.248171	0.527446	0.144133	0.549217
205	4.37589e+06	893.6	0	17.2056	11.3449	86223	3.01824	1.1556	0.243965	0.524571	0.144475	0.548605
206	4.40012e+06	894.4	0	17.2209	11.3912	86448.3	3.11439	1.2376	0.2436	0.515323	0.139957	0.545976
207	4.42372e+06	895.2	0	17.2594	11.4444	86787.8	3.18938	1.27538	0.249009	0.517924	0.145986	0.543179
208	4.4435e+06	895.68	0	17.2779	11.491	87047.9	3.12045	1.21714	0.247449	0.529996	0.145095	0.540586
209	4.45951e+06	896.32	0	17.2967	11.5444	87330.8	3.2459	1.32606	0.244031	0.513178	0.145051	0.53827
210	4.47365e+06	897.76	0	17.3237	11.6113	87674.5	3.41312	1.42695	0.250727	0.51853	0.148329	0.536681
211	4.48851e+06	900.32	0	17.3546	11.7	88085.7	3.70345	1.58863	0.27425	0.529889	0.152941	0.5361
212	4.505e+06	903.52	0	17.4082	11.8	88616.2	3.95198	1.70548	0.292383	0.555372	0.163735	0.537009
213	4.5237e+06	905.44	0	17.4587	11.8855	89109.2	3.9877	1.68491	0.30435	0.578689	0.171908	0.53905
214	4.54491e+06	906.72	0	17.494	11.959	89524.2	3.79113	1.57147	0.29523	0.57187	0.164865	0.541864
215	4.5724e+06	907.84	0	17.5133	12.0189	89827.3	3.19269	1.2209	0.259195	0.554242	0.15369	0.544988
216	4.6027e+06	908.48	0	17.5375	12.0709	90120.1	3.18179	1.25999	0.248088	0.52728	0.147015	0.546287
217	4.63096e+06	908.16	0	17.5419	12.1056	90294.1	3.01553	1.15173	0.243647	0.523902	0.147189	0.545155
218	4.65682e+06	907.36	0	17.5499	12.1355	90475.3	3.11028	1.23359	0.243116	0.514306	0.14243	0.542336
219	4.68016e+06	907.68	0	17.5765	12.1846	90775.4	3.18517	1.27116	0.248539	0.516948	0.148535	0.539464
220	4.70014e+06	907.36	0	17.5891	12.2239	91007	3.11671	1.21322	0.247015	0.529065	0.147605	0.536862
221	4.71714e+06	907.84	0	17.6201	12.2783	91348.6	3.24373	1.3226	0.243753	0.512601	0.147656	0.534844
222	4.73227e+06	908.96	0	17.6492	12.345	91715.3	3.41187	1.42343	0.250605	0.518314	0.151063	0.53355
223	4.74754e+06	909.28	0	17.6747	12.408	92078.9	3.70076	1.58469	0.273956	0.529359	0.155628	0.532698
224	4.76415e+06	909.76	0	17.712	12.4794	92517.7	3.94812	1.70136	0.291856	0.554381	0.166434	0.533257
225	4.783e+06	911.68	0	17.7748	12.5684	93083.3	3.98749	1.68282	0.303957	0.577905	0.17484	0.535611
226	4.80531e+06	912.64	0	17.8306	12.642	93590.5	3.79129	1.56895	0.295081	0.571567	0.167806	0.538938
227	4.83059e+06	912.8	0	17.8487	12.6915	93877.1	3.19097	1.21748	0.258959	0.553761	0.156388	0.541863
228	4.86013e+06	913.28	0	17.8661	12.7391	94137.7	3.17762	1.25574	0.247679	0.526428	0.14944	0.542982
229	4.88981e+06	913.12	0	17.8882	12.7803	94408.2	3.0148	1.1489	0.243499	0.523602	0.149777	0.542311
230	4.91636e+06	913.76	0	17.9137	12.8299	94702.7	3.11244	1.232	0.243199	0.514486	0.145078	0.540132
231	4.94072e+06	914.08	0	17.941	12.8782	95008.1	3.18711	1.26902	0.248692	0.517301	0.15132	0.537375
232	4.95989e+06	914.88	0	17.9609	12.9243	95267.4	3.11774	1.21038	0.247179	0.529486	0.150385	0.534737
233	4.9761e+06	914.24	0	17.9797	12.9637	95539.3	3.24202	1.3187	0.243727	0.512618	0.150301	0.532302
234	4.99099e+06	914.56	0	18.0123	13.0218	95914	3.4097	1.41942	0.250532	0.518229	0.153735	0.530858
235	5.00559e+06	915.36	0	18.0403	13.0874	96286.2	3.69895	1.58066	0.273932	0.529368	0.15839	0.530114
236	5.02238e+06	917.6	0	18.087	13.178	96785.4	3.94876	1.69801	0.292088	0.554877	0.169514	0.531032
237	5.04024e+06	918.24	0	18.1406	13.2508	97301.5	3.98367	1.67702	0.303944	0.577968	0.177956	0.533167
238	5.06194e+06	918.4	0	18.178	13.3133	97721.9	3.78661	1.56373	0.294769	0.571002	0.170657	0.536185
239	5.08967e+06	918.56	0	18.1956	13.3636	98021.4	3.18769	1.21361	0.258632	0.553056	0.159053	0.539113
240	5.12056e+06	918.72	0	18.2115	13.4104	98285.7	3.17515	1.25267	0.24732	0.525617	0.151998	0.54032
241	5.15111e+06	918.08	0	18.2231	13.4416	98498.9	3.00942	1.14457	0.242952	0.522402	0.15217	0.53915
242	5.17836e+06	919.04	0	18.2479	13.4892	98772.4	3.10576	1.22757	0.242486	0.512928	0.147204	0.536671
243	5.20097e+06	919.04	0	18.2776	13.5344	99086.4	3.18108	1.26479	0.248016	0.515849	0.153549	0.533884
244	5.22022e+06	919.2	0	18.298	13.5784	99365	3.11397	1.20719	0.246659	0.52832	0.15266	0.531405
245	5.23751e+06	919.52	0	18.317	13.6274	99647.3	3.24022	1.31616	0.243406	0.511898	0.152652	0.529232
246	5.25198e+06	919.36	0	18.3343	13.6784	99952.2	3.40727	1.41645	0.250182	0.517477	0.156067	0.527628
247	5.26651e+06	920.16	0	18.3619	13.7461	100342	3.69747	1.57765	0.27374	0.529005	0.160863	0.527122
248	5.28323e+06	921.6	0	18.4171	13.8281	100877	3.94626	1.69413	0.291888	0.554533	0.172153	0.528019
249	5.30131e+06	922.24	0	18.4652	13.904	101381	3.98439	1.67457	0.303915	0.577938	0.180758	0.530327
250	5.32181e+06	922.24	0	18.5075	13.9688	101848	3.78839	1.56161	0.294873	0.571249	0.173425	0.533564
251	5.34908e+06	921.44	0	18.5187	14.0093	102117	3.18706	1.21032	0.258634	0.553137	0.161585	0.536465
252	5.38138e+06	921.6	0	18.5437	14.0555	102427	3.17255	1.24998	0.246826	0.524541	0.154377	0.537539
253	5.41275e+06	921.6	0	18.5659	14.0967	102713	3.00833	1.14232	0.24261	0.521648	0.15463	0.536585
254	5.44136e+06	921.28	0	18.5801	14.1353	102953	3.10398	1.22549	0.242026	0.511923	0.149393	0.534004
255	5.46518e+06	920.8	0	18.6074	14.1742	103256	3.17828	1.26189	0.247556	0.514879	0.155819	0.530954
256	5.48425e+06	920.96	0	18.6263	14.2182	103526	3.11274	1.20501	0.246326	0.52759	0.154947	0.528511
257	5.50195e+06	921.12	0	18.6409	14.2662	103809	3.24034	1.31449	0.243177	0.511406	0.154973	0.526434
258	5.51635e+06	921.12	0	18.6641	14.3204	104149	3.40862	1.41507	0.250091	0.517299	0.158512	0.525087
259	5.53186e+06	921.44	0	18.6991	14.387	104583	3.70034	1.57677	0.273781	0.529087	0.163445	0.524731
260	5.54802e+06	921.28	0	18.7429	14.4584	105089	3.95109	1.69395	0.292054	0.554854	0.174926	0.525846
261	5.56818e+06	922.08	0	18.7899	14.5335	105593	3.98906	1.67407	0.304126	0.57837	0.183635	0.528238
262	5.5894e+06	921.92	0	18.828	14.5943	106031	3.79166	1.56049	0.295018	0.571558	0.176123	0.531417
263	5.61784e+06	920.96	0	18.8458	14.632	106326	3.19033	1.20935	0.258789	0.553484	0.164104	0.534353
264	5.64972e+06	920.32	0	18.8594	14.6684	106574	3.17411	1.24837	0.246848	0.524607	0.15678	0.535302
265	5.67989e+06	920	0	18.8749	14.7037	106821	3.00956	1.14053	0.242611	0.521662	0.157017	0.534244
266	5.70861e+06	919.36	0	18.8968	14.7349	107074	3.10383	1.22359	0.241855	0.511555	0.151598	0.531562
267	5.73283e+06	919.36	0	18.9304	14.7791	107412	3.17943	1.26043	0.247482	0.514714	0.158181	0.528687
268	5.75322e+06	918.88	0	18.9429	14.8161	107660	3.1129	1.20294	0.246226	0.527382	0.157258	0.526149
269	5.771e+06	918.56	0	18.9625	14.8595	107957	3.24077	1.31249	0.243101	0.511259	0.157311	0.524196
270	5.78662e+06	917.76	0	18.981	14.9025	108259	3.4083	1.41284	0.249942	0.516989	0.160839	0.522747
271	5.80055e+06	918.08	0	19.0133	14.9641	108666	3.69975	1.57447	0.273592	0.528725	0.165796	0.522386
272	5.81774e+06	917.6	0	19.0548	15.0287	109145	3.94936	1.69096	0.291793	0.554357	0.17737	0.523412
273	5.83692e+06	917.6	0	19.0875	15.0881	109560	3.98269	1.66897	0.303539	0.577259	0.186003	0.525282
274	5.85979e+06	917.76	0	19.1178	15.1448	109945	3.78443	1.55526	0.294368	0.570299	0.178288	0.52833
275	5.88871e+06	916.48	0	19.1274	15.1767	110194	3.18329	1.20452	0.258165	0.552135	0.166051	0.531157
276	5.92087e+06	915.52	0	19.1366	15.2055	110406	3.1663	1.24325	0.24619	0.523202	0.158574	0.531933
277	5.95337e+06	913.92	0	19.1421	15.2282	110594	3.00193	1.13577	0.2419	0.520103	0.158794	0.530791
278	5.9826e+06	913.12	0	19.1668	15.2613	110880	3.09806	1.21977	0.241241	0.510194	0.153381	0.528318
279	6.00815e+06	912.96	0	19.1876	15.3002	111148	3.17188	1.25557	0.246778	0.513217	0.159972	0.525361
280	6.0283e+06	912.16	0	19.1898	15.3234	111306	3.10292	1.19737	0.245312	0.525377	0.158883	0.522469
281	6.04497e+06	911.52	0	19.2147	15.3611	111612	3.23064	1.30695	0.242158	0.509201	0.158917	0.520435
282	6.06051e+06	911.52	0	19.2412	15.4134	111971	3.39963	1.4076	0.249158	0.515298	0.16258	0.519274
283	6.07573e+06	910.72	0	19.2697	15.4679	112370	3.69243	1.56981	0.272863	0.527253	0.167628	0.519087
284	6.09282e+06	910.24	0	19.3114	15.5344	112872	3.94357	1.68695	0.291157	0.55309	0.17937	0.520241
285	6.1117e+06	909.12	0	19.3444	15.5894	113310	3.9805	1.66642	0.303155	0.576457	0.188207	0.52251
286	6.13583e+06	908.96	0	19.3896	15.6509	113794	3.78598	1.55435	0.294282	0.570065	0.180565	0.526057
287	6.16403e+06	908.48	0	19.4082	15.6895	114091	3.18414	1.203	0.258145	0.552068	0.168213	0.529051
288	6.19748e+06	907.36	0	19.4131	15.7171	114291	3.16754	1.24242	0.246097	0.522949	0.160644	0.52981
289	6.2304e+06	906.72	0	19.4247	15.7486	114522	3.00315	1.13464	0.241865	0.520002	0.160931	0.528835
290	6.25984e+06	905.28	0	19.4253	15.7618	114649	3.09433	1.21653	0.240873	0.509422	0.155217	0.52577
291	6.28551e+06	905.12	0	19.4458	15.802	114932	3.16987	1.2533	0.246466	0.512533	0.161903	0.522893
292	6.30669e+06	904.32	0	19.4673	15.8299	115196	3.10325	1.19601	0.245182	0.525074	0.160931	0.52035
293	6.3241e+06	903.2	0	19.4813	15.8652	115472	3.23165	1.30562	0.242136	0.509145	0.16098	0.518486
294	6.3394e+06	902.56	0	19.5006	15.91	115798	3.39977	1.40567	0.249125	0.515241	0.164672	0.51733
295	6.3544e+06	901.92	0	19.5277	15.9605	116180	3.6916	1.56746	0.272732	0.52701	0.169722	0.516922
296	6.37199e+06	901.76	0	19.5681	16.0282	116673	3.94352	1.68478	0.291101	0.552984	0.181609	0.518229
297	6.39218e+06	901.12	0	19.6081	16.0888	117161	3.98187	1.66468	0.303233	0.576588	0.190613	0.520752
298	6.41675e+06	900.8	0	19.6431	16.1466	117602	3.78696	1.55261	0.2943	0.570094	0.182803	0.524189
299	6.44572e+06	899.2	0	19.6516	16.1763	117864	3.18537	1.2015	0.258186	0.552127	0.170273	0.527184
300	6.47977e+06	898.56	0	19.6769	16.2131	118172	3.16994	1.24138	0.246232	0.523223	0.162751	0.528371
301	6.51142e+06	896.96	0	19.6778	16.2365	118360	3.00471	1.13301	0.242002	0.52029	0.163025	0.527361
302	6.54077e+06	895.2	0	19.6763	16.251	118501	3.09702	1.21593	0.240972	0.509591	0.157235	0.524301
303	6.56675e+06	893.44	0	19.6894	16.2757	118749	3.1727	1.25258	0.246595	0.512783	0.16399	0.521467
304	6.58898e+06	892.16	0	19.6933	16.2962	118928	3.1045	1.19432	0.245276	0.525269	0.162932	0.518822
305	6.60721e+06	891.36	0	19.7135	16.3329	119233	3.23399	1.30455	0.242275	0.509452	0.162999	0.517049
306	6.62279e+06	891.04	0	19.7501	16.3807	119634	3.40209	1.40457	0.249265	0.51554	0.166765	0.515884
307	6.63752e+06	889.92	0	19.7732	16.429	120009	3.69412	1.56612	0.272957	0.527451	0.17191	0.515558
308	6.65528e+06	888.96	0	19.8279	16.4867	120555	3.94573	1.68313	0.291302	0.553392	0.183938	0.516786
309	6.67467e+06	888.64	0	19.8744	16.5469	121059	3.98256	1.66223	0.303336	0.576825	0.193009	0.519188
310	6.69785e+06	887.2	0	19.9057	16.5925	121482	3.78574	1.54936	0.294291	0.570109	0.185057	0.522462
311	6.7274e+06	885.44	0	19.9181	16.6196	121762	3.184	1.19847	0.25813	0.552031	0.17238	0.52541
312	6.76208e+06	884.64	0	19.9264	16.6467	121973	3.16648	1.23804	0.245908	0.52252	0.164603	0.52616
313	6.79539e+06	883.2	0	19.9365	16.6701	122201	3.00215	1.13023	0.241688	0.519597	0.164897	0.525097
314	6.82539e+06	882.4	0	19.9534	16.6975	122449	3.09535	1.21341	0.240784	0.50918	0.159117	0.522371
315	6.8521e+06	880.8	0	19.97	16.7233	122712	3.17018	1.24927	0.246428	0.512448	0.165987	0.519507
316	6.87273e+06	879.84	0	19.9844	16.7505	122955	3.10485	1.19254	0.245251	0.525199	0.165001	0.517015
317	6.88993e+06	878.56	0	19.9981	16.7788	123217	3.23332	1.30215	0.242231	0.509342	0.165038	0.515069
318	6.9061e+06	877.76	0	20.0211	16.818	123545	3.40181	1.40246	0.249212	0.515412	0.168785	0.513869
319	6.92113e+06	877.28	0	20.0546	16.8719	123983	3.6952	1.56452	0.273012	0.527545	0.174044	0.513775
320	6.93886e+06	875.04	0	20.0904	16.9128	124436	3.94462	1.68021	0.291265	0.553317	0.186125	0.514848
321	6.9591e+06	873.12	0	20.1287	16.9573	124900	3.9822	1.65958	0.303338	0.57681	0.19529	0.517363
322	6.98285e+06	871.68	0	20.1721	17.005	125386	3.78585	1.5467	0.294392	0.570313	0.187304	0.520855
323	7.01317e+06	869.92	0	20.1854	17.0325	125673	3.18411	1.19582	0.258269	0.552354	0.174503	0.523922
324	7.04772e+06	869.28	0	20.2006	17.0658	125943	3.16747	1.23566	0.246125	0.523025	0.166777	0.524968
325	7.08175e+06	868.48	0	20.2231	17.0958	126230	3.00225	1.12711	0.24195	0.520217	0.167104	0.524013
326	7.11233e+06	867.04	0	20.2333	17.1145	126441	3.09553	1.21049	0.241033	0.509762	0.161196	0.521334
327	7.13849e+06	866.24	0	20.2566	17.1456	126733	3.16975	1.24585	0.246677	0.513034	0.168149	0.518479
328	7.15999e+06	864.96	0	20.2767	17.1722	127008	3.10493	1.18898	0.245613	0.52607	0.167222	0.516251
329	7.17651e+06	864.32	0	20.3055	17.2106	127356	3.23447	1.29896	0.242695	0.510426	0.167361	0.514568
330	7.19094e+06	862.56	0	20.323	17.2387	127658	3.4022	1.39884	0.249636	0.516398	0.171126	0.513211
331	7.20594e+06	861.92	0	20.3583	17.2884	128102	3.69588	1.56119	0.27342	0.528427	0.176425	0.513009
332	7.22398e+06	861.12	0	20.4011	17.3454	128608	3.94615	1.67706	0.291739	0.554301	0.188697	0.5142
333	7.24461e+06	859.2	0	20.4178	17.3806	128951	3.9795	1.65423	0.303572	0.577371	0.197805	0.516267
334	7.27002e+06	856.64	0	20.4351	17.412	129303	3.78224	1.54159	0.294442	0.570484	0.189565	0.519445
335	7.30102e+06	855.04	0	20.4424	17.4345	129544	3.17953	1.1909	0.25813	0.55211	0.176482	0.522132
336	7.33643e+06	853.12	0	20.4416	17.4464	129694	3.16035	1.23025	0.245723	0.5222	0.168456	0.52275
337	7.37088e+06	852.16	0	20.4585	17.4714	129944	2.99706	1.12315	0.241541	0.519333	0.168718	0.521715
338	7.40133e+06	850.72	0	20.4629	17.4898	130129	3.08958	1.20642	0.240563	0.508753	0.162625	0.518935
339	7.4282e+06	849.44	0	20.4805	17.5126	130377	3.16441	1.24225	0.246187	0.511971	0.169607	0.515962
340	7.44963e+06	848.48	0	20.489	17.5348	130587	3.09726	1.18436	0.244993	0.524715	0.168565	0.513377
341	7.4674e+06	847.68	0	20.5064	17.5676	130876	3.22591	1.29383	0.242033	0.509001	0.168643	0.511615
342	7.48293e+06	846.08	0	20.5205	17.6001	131176	3.39521	1.39418	0.24911	0.51528	0.172495	0.510561
343	7.49704e+06	843.84	0	20.5491	17.6327	131568	3.68741	1.55549	0.272843	0.527309	0.177814	0.510379
344	7.51483e+06	842.24	0	20.5822	17.6769	132008	3.93638	1.67089	0.291021	0.552925	0.190106	0.511467
345	7.53526e+06	840.16	0	20.611	17.7145	132430	3.97279	1.64968	0.302969	0.576177	0.199376	0.51372
346	7.5595e+06	838.08	0	20.6307	17.7462	132787	3.77481	1.53675	0.293817	0.569232	0.191039	0.51683
347	7.5913e+06	836.8	0	20.6445	17.7763	133090	3.17607	1.18815	0.257746	0.55124	0.177949	0.519784
348	7.62695e+06	835.52	0	20.6441	17.7888	133229	3.15623	1.22746	0.24522	0.521071	0.169814	0.520252
349	7.66026e+06	834.4	0	20.6562	17.8139	133475	2.99329	1.12035	0.2411	0.518335	0.170117	0.519285
350	7.69085e+06	834.88	0	20.6864	17.855	133801	3.08859	1.20506	0.240261	0.508056	0.164073	0.516899
351	7.71727e+06	834.08	0	20.7112	17.8855	134104	3.16418	1.24069	0.246033	0.511623	0.171211	0.514229
352	7.73794e+06	833.6	0	20.7347	17.9172	134406	3.09935	1.18367	0.245029	0.524767	0.170285	0.511989
353	7.75574e+06	833.12	0	20.7631	17.9534	134751	3.22852	1.29341	0.242087	0.509099	0.170398	0.510263
354	7.77126e+06	832	0	20.7983	17.9924	135160	3.39828	1.3937	0.249266	0.515593	0.174374	0.509378
355	7.78551e+06	830.24	0	20.8331	18.0335	135607	3.69108	1.55487	0.273157	0.527934	0.17983	0.509446
356	7.80271e+06	829.76	0	20.8808	18.0922	136154	3.94109	1.67045	0.29144	0.553758	0.192346	0.510674
357	7.82323e+06	828	0	20.9146	18.1303	136584	3.97575	1.64821	0.303313	0.576886	0.201673	0.512957
358	7.84954e+06	826.56	0	20.9421	18.1651	136967	3.77715	1.53521	0.294085	0.569799	0.193185	0.515958
359	7.88076e+06	825.12	0	20.9546	18.1884	137235	3.17529	1.18524	0.257842	0.551502	0.179833	0.518641
360	7.9157e+06	823.2	0	20.9502	18.1926	137350	3.15593	1.22483	0.245375	0.521455	0.17163	0.519064
361	7.94991e+06	821.44	0	20.9528	18.2022	137512	2.99097	1.11691	0.241102	0.518392	0.171831	0.517837
362	7.98231e+06	821.28	0	20.9781	18.2339	137800	3.08543	1.20143	0.240197	0.507954	0.165678	0.515354
363	8.00853e+06	819.84	0	20.9911	18.2507	138023	3.15912	1.23639	0.245786	0.511138	0.172751	0.512307
364	8.02975e+06	818.56	0	20.9936	18.2664	138192	3.09358	1.17938	0.244669	0.52402	0.171685	0.50985
365	8.0463e+06	817.44	0	21.0024	18.2865	138404	3.2203	1.2882	0.241539	0.507956	0.171643	0.507774
366	8.06136e+06	816.64	0	21.0404	18.3272	138819	3.39068	1.38892	0.248724	0.514462	0.175649	0.506891
367	8.07662e+06	815.52	0	21.0739	18.3714	139259	3.68449	1.55066	0.272622	0.526868	0.181143	0.506996
368	8.09353e+06	813.44	0	21.1011	18.4055	139670	3.93235	1.66524	0.290734	0.552377	0.193605	0.508001
369	8.11503e+06	812.48	0	21.1325	18.4491	140097	3.9667	1.64276	0.302576	0.575465	0.202973	0.510298
370	8.14063e+06	810.56	0	21.1588	18.4781	140475	3.76982	1.53077	0.293431	0.56851	0.194439	0.513347
371	8.17186e+06	808.64	0	21.1599	18.49	140663	3.16888	1.18178	0.257195	0.550083	0.180904	0.515894
372	8.20683e+06	807.2	0	21.1601	18.5048	140833	3.15202	1.22226	0.244965	0.520541	0.17274	0.516646
373	8.24267e+06	804.8	0	21.1533	18.5085	140958	2.9874	1.11429	0.240761	0.517657	0.172972	0.515541
374	8.27348e+06	803.36	0	21.1587	18.5217	141129	3.08037	1.19805	0.239784	0.507088	0.166723	0.512912
375	8.30007e+06	801.76	0	21.1734	18.5382	141362	3.15494	1.23325	0.245453	0.510444	0.173893	0.510059
376	8.32138e+06	799.84	0	21.1715	18.5407	141477	3.08749	1.17541	0.244214	0.523052	0.172734	0.507514
377	8.33897e+06	799.04	0	21.2018	18.5726	141825	3.21765	1.28571	0.241319	0.50748	0.172865	0.505907
378	8.35452e+06	797.6	0	21.2217	18.5957	142117	3.38467	1.38473	0.248302	0.513616	0.176749	0.504711
379	8.3689e+06	795.84	0	21.2428	18.6234	142461	3.67595	1.54566	0.271914	0.525515	0.182108	0.50437
380	8.38871e+06	794.72	0	21.2856	18.6692	142950	3.9265	1.66167	0.290129	0.551221	0.194716	0.505644
381	8.40993e+06	793.44	0	21.3225	18.7138	143422	3.96426	1.64101	0.302129	0.574582	0.204226	0.508179
382	8.43517e+06	792.32	0	21.3555	18.7535	143851	3.76877	1.5297	0.293083	0.567791	0.195702	0.511464
383	8.46479e+06	791.2	0	21.3781	18.7812	144182	3.17017	1.18154	0.257101	0.549838	0.18225	0.514365
384	8.5e+06	790.56	0	21.4025	18.8126	144496	3.15499	1.22255	0.245047	0.520693	0.174191	0.515507
385	8.53483e+06	788.32	0	21.4014	18.816	144639	2.98872	1.11368	0.240771	0.517658	0.174403	0.514268
386	8.56539e+06	787.36	0	21.4144	18.8336	144850	3.08209	1.1978	0.239775	0.507046	0.168112	0.511647
387	8.592e+06	786.88	0	21.4363	18.8575	145104	3.1559	1.2326	0.245405	0.510332	0.175326	0.508715
388	8.61212e+06	785.76	0	21.4519	18.8771	145343	3.091	1.17581	0.244345	0.523309	0.174296	0.506402
389	8.62982e+06	784.32	0	21.4754	18.9028	145663	3.22061	1.2856	0.241471	0.507803	0.174444	0.504882
390	8.64475e+06	783.84	0	21.5052	18.9406	146038	3.38903	1.38506	0.248599	0.514224	0.178462	0.503913
391	8.65985e+06	782.72	0	21.5362	18.9767	146442	3.68031	1.54559	0.272323	0.526309	0.183921	0.503756
392	8.6779e+06	782.4	0	21.5881	19.0327	147003	3.93096	1.66134	0.290587	0.552109	0.196712	0.505087
393	8.69985e+06	781.44	0	21.6372	19.0837	147549	3.96955	1.64097	0.302639	0.57554	0.206402	0.507773
394	8.72384e+06	780.32	0	21.6735	19.1283	148017	3.77283	1.52868	0.293603	0.56882	0.197853	0.511173
395	8.75342e+06	779.52	0	21.6925	19.1568	148330	3.17273	1.17991	0.257485	0.550696	0.184239	0.514002
396	8.78885e+06	778.08	0	21.7087	19.178	148599	3.15677	1.22055	0.245424	0.521539	0.176042	0.515008
397	8.82195e+06	776.8	0	21.7264	19.1989	148869	2.99322	1.11277	0.241352	0.518947	0.176393	0.514184
398	8.85262e+06	776	0	21.7459	19.2214	149132	3.08585	1.19642	0.24037	0.508371	0.170049	0.511629
399	8.87967e+06	773.92	0	21.7423	19.2195	149225	3.15708	1.23009	0.245813	0.511249	0.177175	0.508293
400	8.90148e+06	773.12	0	21.7647	19.2454	149521	3.09454	1.17445	0.244886	0.524523	0.176215	0.506201
401	8.92036e+06	772	0	21.7853	19.2684	149809	3.22306	1.28391	0.24193	0.508815	0.176301	0.504496
402	8.93636e+06	770.24	0	21.8117	19.2947	150165	3.39189	1.38358	0.249076	0.515271	0.180357	0.503537
403	8.95202e+06	769.44	0	21.8447	19.3401	150614	3.68562	1.54521	0.272975	0.52762	0.185954	0.503544
404	8.96956e+06	767.36	0	21.8789	19.3764	151080	3.93464	1.66	0.291163	0.553253	0.198793	0.504727
405	8.98989e+06	766.72	0	21.9252	19.4307	151629	3.97214	1.63896	0.303147	0.576573	0.208564	0.507335
406	9.01345e+06	765.28	0	21.9524	19.4658	152039	3.77498	1.52711	0.293939	0.569496	0.19983	0.51052
407	9.04451e+06	763.36	0	21.9636	19.4817	152311	3.17473	1.17855	0.257749	0.551267	0.186063	0.513355
408	9.0816e+06	762.24	0	21.9739	19.4993	152533	3.15666	1.21844	0.245522	0.521772	0.177664	0.514049
409	9.11619e+06	761.28	0	21.996	19.5226	152824	2.99242	1.11031	0.24142	0.519113	0.177989	0.513121
410	9.14788e+06	759.52	0	22.0014	19.5338	153011	3.08588	1.19464	0.24044	0.508525	0.171518	0.510577
411	9.17353e+06	758.4	0	22.0228	19.5567	153298	3.16173	1.23008	0.246232	0.512133	0.178963	0.507894
412	9.19712e+06	757.6	0	22.0466	19.5835	153601	3.0978	1.17336	0.245326	0.525509	0.178004	0.505831
413	9.21394e+06	756.16	0	22.0546	19.5987	153825	3.22501	1.28237	0.24225	0.509532	0.178034	0.503905
414	9.22843e+06	754.56	0	22.0528	19.6025	153950	3.38949	1.38035	0.249037	0.515236	0.181824	0.50231
415	9.24532e+06	753.12	0	22.0923	19.6367	154401	3.68508	1.54338	0.272924	0.527531	0.187432	0.502358
416	9.26387e+06	751.52	0	22.1249	19.6732	154846	3.93359	1.65795	0.291063	0.553061	0.20032	0.503521
417	9.28508e+06	750.24	0	22.1729	19.7187	155390	3.97169	1.63721	0.303055	0.576384	0.210163	0.506166
418	9.31067e+06	748.16	0	22.1962	19.7409	155747	3.77246	1.52435	0.293756	0.569153	0.201302	0.509193
419	9.34195e+06	747.04	0.16	22.2087	19.763	156022	3.17164	1.17586	0.257497	0.550749	0.18737	0.511751
420	9.37867e+06	744.96	0.16	22.2149	19.7724	156220	3.15487	1.21669	0.245269	0.521226	0.178908	0.51255
421	9.41341e+06	743.84	0.16	22.2238	19.7903	156444	2.99029	1.10847	0.241132	0.518488	0.179197	0.511508
422	9.44503e+06	742.4	0.16	22.2304	19.8023	156632	3.08382	1.19292	0.240143	0.507877	0.172664	0.508972
423	9.47243e+06	740.96	0.32	22.2394	19.816	156840	3.15763	1.22729	0.245835	0.511293	0.180062	0.506037
424	9.4942e+06	738.88	0.32	22.2435	19.8176	156984	3.09209	1.17013	0.244774	0.524312	0.178948	0.503714
425	9.51208e+06	738.4	0.32	22.2726	19.8488	157327	3.22239	1.28045	0.241904	0.508788	0.179105	0.502164
426	9.52742e+06	736.8	0.32	22.2829	19.8614	157550	3.38816	1.37876	0.248857	0.514849	0.183031	0.500815
427	9.54342e+06	735.68	0.32	22.3198	19.8992	157998	3.68398	1.54169	0.272786	0.527265	0.188693	0.500928
428	9.56102e+06	734.24	0.32	22.3659	19.9437	158540	3.93572	1.65765	0.291122	0.553188	0.201803	0.502382
429	9.58245e+06	733.44	0.32	22.4107	19.9882	159052	3.97157	1.63592	0.302944	0.576194	0.211615	0.504765
430	9.60586e+06	732.64	0.32	22.4453	20.0263	159495	3.77257	1.52319	0.293671	0.568986	0.20276	0.5078
431	9.63786e+06	731.36	0.48	22.4633	20.0491	159810	3.1723	1.17482	0.257511	0.550775	0.188796	0.510566
432	9.67469e+06	729.28	0.64	22.4674	20.0567	160004	3.15483	1.21517	0.245291	0.521272	0.180326	0.511537
