iter	nbdead_n1	nbdead_n10	nbTreefall1	nbTreefall10
0	5.28	0	0	0
1	4.16	0	0	0
2	4.96	0	0	0
3	4.8	0	0	0
4	4.64	0	0	0
5	5.92	0	0	0
6	4.16	0	0	0
7	5.28	0	0	0
8	4.32	0	0	0
9	4.8	0	0	0
10	5.44	0	0	0
11	3.36	0	0	0
12	5.28	0	0	0
13	8.32	0	0	0
14	5.92	0	0	0
15	4.48	0	0	0
16	4.64	0	0	0
17	5.12	0	0	0
18	4.8	0	0	0
19	4.96	0	0	0
20	7.2	0	0	0
21	5.44	0	0	0
22	4.48	0	0	0
23	4.96	0	0	0
24	6.08	0	0	0
25	4	0	0	0
26	3.84	0	0	0
27	6.88	0	0	0
28	9.76	0	0	0
29	10.24	0	0	0
30	20.96	0	0	0
31	13.92	0	0	0
32	26.4	0	0	0
33	32.8	0	0	0
34	51.84	0	0	0
35	31.04	0	0	0
36	39.84	0	0	0
37	66.4	0	0	0
38	113.44	0	0	0
39	162.88	0	0	0
40	238.08	0	0	0
41	263.84	0	0	0
42	244.96	0	0	0
43	185.92	0	0	0
44	153.12	0	0	0
45	135.84	0	0	0
46	139.84	0	0	0
47	138.24	0	0	0
48	153.6	0	0	0
49	155.52	0	0	0
50	175.84	0	0	0
51	201.92	0	0	0
52	234.88	0	0	0
53	255.36	0	0	0
54	231.68	0	0	0
55	223.84	0	0	0
56	203.2	0	0	0
57	188.96	0	0	0
58	198.88	0	0	0
59	205.12	0	0	0
60	210.24	0	0	0
61	208.48	0	0	0
62	217.44	0	0	0
63	216.64	0	0	0
64	219.52	0	0	0
65	226.88	0	0	0
66	213.76	0	0	0
67	196.8	0	0	0
68	183.84	0	0	0
69	188	0	0	0
70	205.12	0	0	0
71	211.36	0	0	0
72	220.16	0	0	0
73	213.28	0	0	0
74	210.4	0	0	0
75	182.08	0	0	0
76	195.52	0	0	0
77	188	0	0	0
78	177.76	0	0	0
79	163.68	0	0	0
80	177.6	0	0	0
81	178.4	0	0	0
82	210.72	0	0	0
83	228.32	0	0	0
84	223.04	0	0	0
85	218.56	0	0	0
86	194.88	0	0	0
87	172	0	0	0
88	170.56	0	0	0
89	168.16	0	0	0
90	173.92	0	0	0
91	175.68	0	0	0
92	182.88	0	0	0
93	198.08	0	0	0
94	209.28	0	0	0
95	241.44	0	0	0
96	238.88	0	0	0
97	233.44	0	0	0
98	211.2	0	0	0
99	186.4	0	0	0
100	169.28	0	0	0
101	169.12	0.16	0	0
102	158.56	0	0	0
103	174.24	0	0	0
104	172.48	0	0	0
105	203.04	0	0	0
106	221.28	0.16	0	0
107	237.28	0	0	0
108	251.36	0	0	0
109	227.68	0	0	0
110	221.6	0	0	0
111	205.6	0	0	0
112	185.44	0.16	0	0
113	173.76	0	0	0
114	160.64	0.16	0	0
115	172.96	0	0	0
116	174.88	0	0	0
117	192.8	0	0	0
118	223.04	0	0	0
119	243.36	0	0	0
120	249.28	0	0	0
121	237.92	0	0	0
122	223.04	0	0	0
123	199.2	0	0	0
124	178.56	0	0	0
125	164.8	0	0	0
126	159.04	0.16	0	0
127	171.36	0	0	0
128	176.64	0.16	0	0
129	191.04	0	0	0
130	224.96	0.32	0	0
131	243.52	0.32	0	0
132	245.28	0	0	0
133	240.8	0	0	0
134	208.8	0	0	0
135	201.12	0.48	0	0
136	189.6	0.32	0	0
137	159.04	0.16	0	0
138	158.08	0.16	0	0
139	172.96	0.48	0	0
140	171.68	0.48	0	0
141	182.4	0.16	0	0
142	228	0.16	0	0
143	247.68	0.32	0	0
144	260.96	0.48	0	0
145	235.68	0	0	0
146	224.96	0.32	0	0
147	199.04	0.32	0	0
148	172.48	0.48	0	0
149	154.08	0.32	0	0
150	154.24	0.32	0	0
151	153.28	0.16	0	0
152	173.6	0.8	0	0
153	193.92	0.64	0	0
154	227.36	0.32	0	0
155	262.88	0.16	0	0
156	251.36	0.8	0	0
157	253.44	0.48	0	0
158	214.88	0	0	0
159	195.2	0	0	0
160	158.08	0.16	0	0
161	158.08	0.32	0	0
162	139.36	0	0	0
163	149.92	0.32	0	0
164	175.84	0.32	0	0
165	207.68	0.48	0	0
166	223.68	0.48	0	0
167	255.52	0.16	0	0
168	259.84	0.48	0	0
169	254.72	0.16	0	0
170	220.64	0.32	0	0
171	197.12	0.32	0	0
172	162.72	0.96	0	0
173	143.2	0.32	0	0
174	147.36	0.16	0	0
175	155.84	0.32	0	0
176	173.92	0	0	0
177	189.44	0.16	0	0
178	249.92	0.48	0	0
179	268.48	0.32	0	0
180	267.52	0.64	0	0
181	263.36	0.16	0	0
182	231.36	0.32	0	0
183	193.44	0.16	0	0
184	175.36	0.32	0	0
185	150.72	0.32	0	0
186	148.48	0.96	0	0
187	160.32	0.32	0	0
188	187.36	0.32	0	0
189	198.08	0.8	0	0
190	248.32	0.48	0	0
191	258.4	0.96	0	0
192	264.32	0.16	0	0
193	264.64	0.96	0	0
194	231.2	0.48	0	0
195	197.12	0.32	0	0
196	185.6	0.96	0	0
197	146.4	0.16	0	0
198	153.76	0.48	0	0
199	158.24	0.32	0	0
200	183.68	0.48	0	0
201	202.72	1.12	0	0
202	250.88	1.6	0	0
203	268.64	0.64	0	0
204	277.28	0.32	0	0
205	264.16	0.16	0	0
206	250.72	0.8	0	0
207	203.36	0.32	0	0
208	177.44	0.48	0	0
209	158.4	0.96	0	0
210	151.04	0.48	0	0
211	169.28	0.32	0	0
212	180	0.16	0	0
213	197.44	0.64	0	0
214	264	1.12	0	0
215	281.6	0.16	0	0
216	279.52	0.48	0	0
217	276.96	0.64	0	0
218	242.72	1.28	0	0
219	208.32	0.48	0	0
220	184	0.8	0	0
221	152	0.16	0	0
222	154.72	0	0	0
223	168.64	0.96	0	0
224	173.6	0.96	0	0
225	207.36	0.48	0	0
226	241.76	0.48	0	0
227	280.48	0.96	0	0
228	287.2	0.32	0	0
229	281.6	0.48	0	0
230	252	0	0	0
231	207.52	0.32	0	0
232	180	0.64	0	0
233	159.68	0.8	0	0
234	144	0.32	0	0
235	170.08	0.8	0	0
236	169.76	0.48	0	0
237	205.92	0.64	0	0
238	261.76	0.8	0	0
239	296.48	0.48	0	0
240	302.72	0.32	0	0
241	289.28	0.8	0	0
242	234.4	0.48	0	0
243	207.2	0.32	0	0
244	183.84	0.32	0	0
245	151.84	0.8	0	0
246	149.12	0.96	0	0
247	162.88	0.8	0	0
248	175.36	0.64	0	0
249	192	0.48	0	0
250	260	0.8	0	0
251	301.12	0.96	0	0
252	305.6	0.16	0	0
253	303.52	0.16	0	0
254	250.24	0.64	0	0
255	205.12	0.48	0	0
256	184	0.32	0	0
257	159.04	0.64	0	0
258	150.56	0.48	0	0
259	159.68	0.48	0	0
260	188.32	0.96	0	0
261	203.68	0.64	0	0
262	262.72	1.12	0	0
263	299.68	1.12	0	0
264	298.88	0.8	0	0
265	295.68	0.64	0	0
266	248.32	0.96	0	0
267	219.04	0.48	0	0
268	186.72	0.96	0	0
269	163.36	0.96	0	0
270	140.8	1.28	0	0
271	164.32	0.64	0	0
272	177.12	0.96	0	0
273	211.68	1.76	0	0
274	265.6	1.28	0	0
275	299.84	1.6	0	0
276	309.92	1.28	0	0
277	297.92	1.92	0	0
278	262.56	0.96	0	0
279	216.48	0.64	0	0
280	174.88	1.28	0	0
281	157.6	0.96	0	0
282	149.92	0.64	0	0
283	168.96	1.44	0	0
284	180.32	1.12	0	0
285	222.4	1.76	0	0
286	260.48	0.96	0	0
287	312.64	0.64	0	0
288	316.8	1.44	0	0
289	300.8	0.64	0	0
290	262.08	1.92	0	0
291	217.12	0.8	0	0
292	184.16	0.8	0	0
293	156.96	1.12	0	0
294	147.36	1.12	0	0
295	169.76	1.44	0	0
296	187.2	1.44	0	0
297	228	1.44	0	0
298	273.28	1.28	0	0
299	320.64	1.92	0	0
300	310.24	0.64	0	0
301	305.92	1.6	0	0
302	262.72	1.92	0	0
303	232.8	1.76	0	0
304	190.72	1.44	0	0
305	157.12	1.28	0	0
306	147.68	0.64	0	0
307	170.4	1.92	0	0
308	181.12	1.76	0	0
309	216	1.28	0	0
310	278.56	1.76	0	0
311	323.2	2.08	0	0
312	317.44	1.44	0	0
313	298.88	1.6	0	0
314	269.12	0.8	0	0
315	219.52	1.92	0	0
316	183.36	0.96	0	0
317	163.36	1.6	0	0
318	147.84	1.44	0	0
319	166.72	0.96	0	0
320	186.56	2.72	0	0
321	212.8	2.24	0	0
322	281.44	1.44	0	0
323	320.64	1.76	0	0
324	330.72	0.8	0	0
325	311.68	0.8	0	0
326	269.6	1.44	0	0
327	222.56	0.8	0	0
328	181.76	1.28	0	0
329	153.6	0.96	0	0
330	151.36	1.76	0	0
331	170.08	1.28	0	0
332	194.56	1.12	0	0
333	229.76	2.56	0	0
334	282.4	3.04	0	0
335	322.24	1.92	0	0
336	328.64	1.92	0	0
337	310.88	1.12	0	0
338	268.16	1.44	0	0
339	217.12	1.92	0	0
340	186.88	1.12	0	0
341	163.04	0.96	0	0
342	140.16	1.92	0	0
343	166.88	2.88	0	0
344	188.16	2.08	0	0
345	219.2	3.04	0	0
346	295.36	2.24	0	0
347	332	1.44	0	0
348	312.16	1.76	0	0
349	316.48	1.44	0	0
350	262.08	0.32	0	0
351	222.72	1.12	0	0
352	192.64	0.8	0	0
353	156.8	0.64	0	0
354	139.2	1.28	0	0
355	168.16	1.92	0	0
356	192.32	1.28	0	0
357	232.8	2.08	0	0
358	290.56	1.44	0	0
359	325.92	1.44	0	0
360	329.76	2.08	0	0
361	328.64	1.76	0	0
362	261.28	0.48	0	0
363	223.2	1.6	0	0
364	174.08	1.44	0	0
365	154.24	1.12	0	0
366	143.52	1.12	0	0
367	166.08	2.08	0	0
368	201.12	2.72	0	0
369	232	1.92	0	0
370	291.04	2.08	0	0
371	324.96	2.08	0	0
372	340.64	1.6	0	0
373	315.36	2.4	0	0
374	268.32	1.6	0	0
375	222.72	1.76	0	0
376	187.2	1.92	0	0
377	153.12	0.8	0	0
378	142.4	1.6	0	0
379	181.76	2.08	0	0
380	191.52	1.6	0	0
381	224.48	1.6	0	0
382	276.64	1.76	0	0
383	324.16	1.28	0	0
384	335.68	0.64	0	0
385	318.88	2.24	0	0
386	265.76	0.96	0	0
387	208.16	0.96	0	0
388	190.08	1.12	0	0
389	155.04	1.44	0	0
390	147.84	1.12	0	0
391	170.08	1.44	0	0
392	196.64	0.96	0	0
393	219.68	1.28	0	0
394	278.4	1.44	0	0
395	328.8	1.12	0	0
396	317.92	1.44	0	0
397	317.28	1.44	0	0
398	279.52	0.8	0	0
399	228	2.4	0	0
400	189.6	0.8	0	0
401	164.48	1.28	0	0
402	152.32	1.76	0	0
403	168.32	1.28	0	0
404	186.24	2.24	0	0
405	217.92	1.12	0	0
406	298.08	1.6	0	0
407	340.64	2.08	0	0
408	327.84	1.28	0	0
409	320.32	1.12	0	0
410	266.72	1.92	0	0
411	241.76	1.28	0	0
412	183.68	0.96	0	0
413	150.4	1.6	0	0
414	157.92	1.92	0	0
415	166.56	1.6	0	0
416	196.32	1.76	0	0
417	227.68	1.44	0	0
418	292	2.24	0	0
419	335.52	1.28	0	0
420	330.72	2.24	0	0
421	324.32	1.44	0	0
422	279.2	1.44	0	0
423	229.6	1.6	0	0
424	194.56	2.08	0	0
425	153.76	0.96	0	0
426	150.72	1.6	0	0
427	158.88	1.28	0	0
428	197.44	1.92	0	0
429	216.96	1.12	0	0
430	299.2	1.28	0	0
431	343.52	1.28	0	0
